-- ustar threshold by season (forward mode 2)

       0.370485       0.247158          -9999          -9999
           1934           1686              0              0

       0.370485

             10        0.209504           -9999           -9999 
       0.306717        0.183784           -9999           -9999 
       0.375917              10           -9999           -9999 
       0.370485              10           -9999           -9999 
             10        0.467045           -9999           -9999 
             10        0.303873           -9999           -9999 
             10        0.247158           -9999           -9999 

-- bootstrapping

       0.408823       0.274315          -9999          -9999 forward mode 2
           1901           1689              0              0
       0.330426        0.37281          -9999          -9999 forward mode 2
           1973           1631              0              0
       0.374001       0.169678          -9999          -9999 forward mode 2
           1941           1677              0              0
       0.425231       0.297189          -9999          -9999 forward mode 2
           1997           1702              0              0
       0.344243       0.168079          -9999          -9999 forward mode 2
           1914           1675              0              0
       0.369064       0.235474          -9999          -9999 forward mode 2
           1965           1705              0              0
       0.516788       0.256313          -9999          -9999 forward mode 2
           1920           1704              0              0
        0.39079       0.305523          -9999          -9999 forward mode 2
           2011           1683              0              0
       0.356815       0.195763          -9999          -9999 forward mode 2
           1877           1682              0              0
        0.41664       0.257582          -9999          -9999 forward mode 2
           1935           1700              0              0
       0.353914       0.199726          -9999          -9999 forward mode 2
           1909           1689              0              0
       0.385669       0.312095          -9999          -9999 forward mode 2
           1951           1723              0              0
       0.388785       0.262833          -9999          -9999 forward mode 2
           1911           1707              0              0
        0.39765       0.216019          -9999          -9999 forward mode 2
           1993           1701              0              0
       0.405678       0.181837          -9999          -9999 forward mode 2
           1905           1719              0              0
       0.338519         0.2193          -9999          -9999 forward mode 2
           1880           1676              0              0
       0.358535       0.188127          -9999          -9999 forward mode 2
           1964           1603              0              0
        0.36172       0.338343          -9999          -9999 forward mode 2
           1972           1677              0              0
       0.318788       0.248332          -9999          -9999 forward mode 2
           1947           1709              0              0
        0.41893       0.241493          -9999          -9999 forward mode 2
           1941           1668              0              0
       0.282795       0.239851          -9999          -9999 forward mode 2
           1937           1614              0              0
       0.413656       0.190126          -9999          -9999 forward mode 2
           1914           1740              0              0
       0.415616       0.223665          -9999          -9999 forward mode 2
           1905           1623              0              0
       0.356191       0.251011          -9999          -9999 forward mode 2
           1962           1699              0              0
       0.364401       0.189757          -9999          -9999 forward mode 2
           1992           1769              0              0
       0.379819       0.252067          -9999          -9999 forward mode 2
           1917           1643              0              0
       0.363331       0.257955          -9999          -9999 forward mode 2
           1896           1639              0              0
       0.377017       0.264322          -9999          -9999 forward mode 2
           2013           1700              0              0
       0.373498       0.238148          -9999          -9999 forward mode 2
           1964           1751              0              0
       0.394475       0.302105          -9999          -9999 forward mode 2
           1922           1726              0              0
       0.379198       0.234269          -9999          -9999 forward mode 2
           2033           1715              0              0
       0.431375       0.223239          -9999          -9999 forward mode 2
           1970           1681              0              0
       0.377185       0.279445          -9999          -9999 forward mode 2
           1972           1709              0              0
       0.429012       0.294477          -9999          -9999 forward mode 2
           1886           1745              0              0
       0.384946       0.191424          -9999          -9999 forward mode 2
           2040           1663              0              0
       0.434896       0.242059          -9999          -9999 forward mode 2
           1900           1746              0              0
       0.464289       0.223888          -9999          -9999 forward mode 2
           1987           1662              0              0
       0.414688        0.27934          -9999          -9999 forward mode 2
           1917           1697              0              0
       0.503507       0.166951          -9999          -9999 forward mode 2
           1983           1711              0              0
       0.382632       0.332278          -9999          -9999 forward mode 2
           1944           1697              0              0
       0.356847       0.219654          -9999          -9999 forward mode 2
           1921           1687              0              0
        0.39831       0.235791          -9999          -9999 forward mode 2
           2042           1663              0              0
        0.39971        0.20177          -9999          -9999 forward mode 2
           1985           1699              0              0
       0.458392       0.278626          -9999          -9999 forward mode 2
           1916           1661              0              0
       0.362437       0.204713          -9999          -9999 forward mode 2
           1937           1638              0              0
       0.335198       0.217261          -9999          -9999 forward mode 2
           1957           1703              0              0
       0.369124       0.289871          -9999          -9999 forward mode 2
           1947           1661              0              0
       0.485611        0.21225          -9999          -9999 forward mode 2
           1891           1672              0              0
       0.365591       0.220283          -9999          -9999 forward mode 2
           1925           1665              0              0
       0.443946       0.251302          -9999          -9999 forward mode 2
           1924           1615              0              0
       0.372558       0.219962          -9999          -9999 forward mode 2
           1892           1724              0              0
       0.442415        0.24714          -9999          -9999 forward mode 2
           1881           1655              0              0
       0.386327       0.236134          -9999          -9999 forward mode 2
           1885           1742              0              0
       0.341331       0.208861          -9999          -9999 forward mode 2
           1883           1701              0              0
       0.456793       0.178137          -9999          -9999 forward mode 2
           1881           1732              0              0
       0.290387       0.177514          -9999          -9999 forward mode 2
           1885           1721              0              0
       0.487228       0.168416          -9999          -9999 forward mode 2
           1870           1718              0              0
       0.389766        0.25357          -9999          -9999 forward mode 2
           1925           1659              0              0
       0.353433        0.16088          -9999          -9999 forward mode 2
           1959           1701              0              0
       0.347133       0.307951          -9999          -9999 forward mode 2
           1893           1671              0              0
       0.380095        0.20509          -9999          -9999 forward mode 2
           1972           1724              0              0
       0.388638       0.380438          -9999          -9999 forward mode 2
           1909           1693              0              0
       0.495787       0.247943          -9999          -9999 forward mode 2
           1980           1625              0              0
       0.413552       0.259181          -9999          -9999 forward mode 2
           1967           1728              0              0
       0.399752       0.259464          -9999          -9999 forward mode 2
           1993           1757              0              0
       0.390975       0.162591          -9999          -9999 forward mode 2
           1924           1653              0              0
       0.472896       0.213386          -9999          -9999 forward mode 2
           1918           1663              0              0
       0.356611       0.303579          -9999          -9999 forward mode 2
           1925           1755              0              0
       0.355861       0.255482          -9999          -9999 forward mode 2
           1931           1645              0              0
       0.366117       0.217537          -9999          -9999 forward mode 2
           1862           1691              0              0
       0.336565       0.254861          -9999          -9999 forward mode 2
           1978           1743              0              0
       0.391305       0.273333          -9999          -9999 forward mode 2
           1947           1652              0              0
       0.495602       0.261257          -9999          -9999 forward mode 2
           1894           1692              0              0
       0.394746       0.250001          -9999          -9999 forward mode 2
           1990           1671              0              0
       0.303672       0.215707          -9999          -9999 forward mode 2
           1903           1706              0              0
       0.357721       0.270858          -9999          -9999 forward mode 2
           1932           1704              0              0
       0.359148       0.224038          -9999          -9999 forward mode 2
           1931           1740              0              0
       0.423225       0.206174          -9999          -9999 forward mode 2
           1969           1685              0              0
       0.476004       0.284214          -9999          -9999 forward mode 2
           1922           1704              0              0
       0.359389       0.175606          -9999          -9999 forward mode 2
           1970           1671              0              0
       0.310721       0.239192          -9999          -9999 forward mode 2
           1931           1717              0              0
       0.404289       0.256497          -9999          -9999 forward mode 2
           1958           1660              0              0
       0.419124         0.2626          -9999          -9999 forward mode 2
           1884           1763              0              0
       0.372663       0.226778          -9999          -9999 forward mode 2
           1944           1761              0              0
       0.361498       0.156958          -9999          -9999 forward mode 2
           1914           1713              0              0
       0.391889       0.275079          -9999          -9999 forward mode 2
           1905           1625              0              0
       0.449697       0.267896          -9999          -9999 forward mode 2
           2016           1628              0              0
       0.405915        0.21179          -9999          -9999 forward mode 2
           1963           1705              0              0
       0.385846       0.213476          -9999          -9999 forward mode 2
           1972           1678              0              0
       0.364475       0.264507          -9999          -9999 forward mode 2
           1946           1736              0              0
       0.338106         0.2164          -9999          -9999 forward mode 2
           1851           1611              0              0
       0.420559       0.248268          -9999          -9999 forward mode 2
           1879           1641              0              0
        0.38144       0.309589          -9999          -9999 forward mode 2
           1899           1711              0              0
       0.293155       0.235069          -9999          -9999 forward mode 2
           1985           1688              0              0
       0.425423       0.247047          -9999          -9999 forward mode 2
           1874           1665              0              0
        0.38966       0.286113          -9999          -9999 forward mode 2
           1902           1721              0              0
       0.363158       0.220934          -9999          -9999 forward mode 2
           1909           1722              0              0
       0.393953       0.223037          -9999          -9999 forward mode 2
           1933           1790              0              0
       0.379187        0.17671          -9999          -9999 forward mode 2
           1962           1696              0              0
       0.319092       0.209439          -9999          -9999 forward mode 2
           1951           1658              0              0

 forward mode 2
       0.282795
       0.290387
       0.293155
       0.303672
       0.310721
       0.318788
       0.319092
       0.335198
       0.336565
       0.338106
       0.338519
       0.341331
       0.344243
       0.347133
       0.353433
       0.353914
       0.355861
       0.356191
       0.356611
       0.356815
       0.356847
       0.357721
       0.358535
       0.359148
       0.359389
       0.361498
        0.36172
       0.362437
       0.363158
       0.363331
       0.364401
       0.364475
       0.365591
       0.366117
       0.369064
       0.369124
       0.372558
       0.372663
        0.37281
       0.373498
       0.374001
       0.377017
       0.377185
       0.379187
       0.379198
       0.379819
       0.380095
        0.38144
       0.382632
       0.384946
       0.385669
       0.385846
       0.386327
       0.388638
       0.388785
        0.38966
       0.389766
        0.39079
       0.390975
       0.391305
       0.391889
       0.393953
       0.394475
       0.394746
        0.39765
        0.39831
        0.39971
       0.399752
       0.404289
       0.405678
       0.405915
       0.408823
       0.413552
       0.413656
       0.414688
       0.415616
        0.41664
        0.41893
       0.419124
       0.420559
       0.423225
       0.425231
       0.425423
       0.429012
       0.431375
       0.434896
       0.442415
       0.443946
       0.449697
       0.456793
       0.458392
       0.464289
       0.472896
       0.476004
       0.485611
       0.487228
       0.495602
       0.495787
       0.503507
       0.516788

-- percentiles forward mode 2
       0.282795
       0.310721
       0.338106
       0.359389
       0.384946 50%
       0.414688
       0.456793
       0.485611
       0.503507

-- processed on 20200219165754 with ustar_mp v1.0 compiled using GNU C 9.2.1 20190827 (Red Hat 9.2.1-1) on Mar 15 2020 at 17:39:02
