-- ustar threshold by season (forward mode 2)

          -9999          -9999       0.261814       0.452496
              0              0           1013           1861

       0.452496

          -9999           -9999        0.138238        0.186721 
          -9999           -9999        0.210669        0.282164 
          -9999           -9999        0.261814        0.589995 
          -9999           -9999        0.355763              10 
          -9999           -9999        0.400848        0.690355 
          -9999           -9999              10              10 
          -9999           -9999              10        0.452496 

-- bootstrapping

          -9999          -9999       0.231957       0.498738 forward mode 2
             18              0            970           1901
          -9999          -9999       0.195349       0.359554 forward mode 2
              9              0           1028           1854
          -9999          -9999       0.180896       0.429732 forward mode 2
             14              0            983           1825
          -9999          -9999       0.196875       0.432629 forward mode 2
             16              0            958           1823
          -9999          -9999       0.216221       0.493709 forward mode 2
             19              0            994           1825
          -9999          -9999       0.219609       0.472108 forward mode 2
             12              0           1004           1912
          -9999          -9999       0.184438       0.395454 forward mode 2
             23              0            969           1808
          -9999          -9999        0.20797       0.307293 forward mode 2
             19              0            973           1836
          -9999          -9999         0.2077       0.421999 forward mode 2
             11              0           1004           1870
          -9999          -9999       0.224146       0.382775 forward mode 2
             29              0            949           1928
          -9999          -9999       0.161366        0.22918 forward mode 2
             18              0            995           1861
          -9999          -9999       0.268009       0.475433 forward mode 2
             18              0            973           1849
          -9999          -9999       0.209186        0.42765 forward mode 2
             16              0           1024           1832
          -9999          -9999       0.339892       0.462973 forward mode 2
             13              0            962           1962
          -9999          -9999        0.22399       0.397761 forward mode 2
             19              0           1021           1920
          -9999          -9999       0.245858       0.282432 forward mode 2
             20              0            981           1801
          -9999          -9999       0.174994       0.531481 forward mode 2
             17              0            985           1899
          -9999          -9999       0.235024       0.285936 forward mode 2
             13              0            978           1902
          -9999          -9999       0.233859       0.305596 forward mode 2
             16              0            991           1854
          -9999          -9999       0.160719       0.282211 forward mode 2
             17              0            952           1839
          -9999          -9999       0.270245       0.302905 forward mode 2
             19              0           1039           1902
          -9999          -9999       0.219166       0.375626 forward mode 2
             21              0           1037           1837
          -9999          -9999       0.200467       0.295918 forward mode 2
             20              0            970           1901
          -9999          -9999       0.225696       0.422634 forward mode 2
             23              0            971           1831
          -9999          -9999       0.240227       0.347749 forward mode 2
             20              0           1041           1818
          -9999          -9999        0.21336        0.38227 forward mode 2
             16              0            993           1819
          -9999          -9999        0.17915       0.446713 forward mode 2
             23              0           1004           1834
          -9999          -9999       0.245531       0.291782 forward mode 2
             10              0           1033           1903
          -9999          -9999       0.196897        0.49475 forward mode 2
             12              0           1016           1888
          -9999          -9999       0.247169       0.353604 forward mode 2
             10              0           1058           1814
          -9999          -9999       0.226577       0.361609 forward mode 2
             15              0            971           1832
          -9999          -9999       0.215423       0.443877 forward mode 2
             14              0            903           1873
          -9999          -9999       0.208711       0.442725 forward mode 2
             28              0            954           1835
          -9999          -9999        0.15575       0.304196 forward mode 2
             23              0           1016           1827
          -9999          -9999       0.234773       0.491051 forward mode 2
             10              0            943           1861
          -9999          -9999       0.247229       0.439311 forward mode 2
             15              0           1004           1875
          -9999          -9999       0.199703       0.281958 forward mode 2
             13              0           1011           1912
          -9999          -9999       0.158241       0.420274 forward mode 2
             20              0            967           1907
          -9999          -9999       0.171458       0.456445 forward mode 2
             15              0            972           1901
          -9999          -9999       0.213617       0.471354 forward mode 2
             17              0            958           1862
          -9999          -9999       0.210583       0.405756 forward mode 2
             20              0            961           1996
          -9999          -9999       0.217129       0.286198 forward mode 2
             18              0            963           1876
          -9999          -9999       0.228468       0.454871 forward mode 2
             18              0           1017           1851
          -9999          -9999       0.193537       0.261712 forward mode 2
             12              0            989           1901
          -9999          -9999       0.216739       0.291018 forward mode 2
             18              0           1008           1902
          -9999          -9999       0.260932       0.520039 forward mode 2
             16              0           1018           1836
          -9999          -9999       0.242947        0.36671 forward mode 2
             15              0           1042           1872
          -9999          -9999       0.267982       0.282964 forward mode 2
             21              0            940           1907
          -9999          -9999       0.215189       0.467694 forward mode 2
             17              0           1023           1870
          -9999          -9999       0.178073       0.400975 forward mode 2
             23              0            983           1819
          -9999          -9999       0.229882       0.373762 forward mode 2
             30              0            945           1862
          -9999          -9999       0.233269        0.40486 forward mode 2
             16              0           1036           1928
          -9999          -9999       0.209452       0.468749 forward mode 2
             17              0            952           1888
          -9999          -9999       0.249564       0.364112 forward mode 2
             19              0           1020           1891
          -9999          -9999       0.256198        0.30852 forward mode 2
             17              0            983           1858
          -9999          -9999       0.212977       0.288921 forward mode 2
             18              0            988           1879
          -9999          -9999       0.212413       0.398136 forward mode 2
             20              0            975           1980
          -9999          -9999       0.228451       0.288905 forward mode 2
             12              0            969           1802
          -9999          -9999       0.238641       0.387641 forward mode 2
             20              0            946           1923
          -9999          -9999       0.217493        0.37901 forward mode 2
             22              0            928           1809
          -9999          -9999       0.209214       0.445436 forward mode 2
             11              0            972           1943
          -9999          -9999       0.243273       0.432413 forward mode 2
             13              0           1018           1938
          -9999          -9999       0.205593       0.542516 forward mode 2
             18              0           1026           1898
          -9999          -9999       0.286132       0.421152 forward mode 2
             14              0            964           1854
          -9999          -9999       0.242144       0.308371 forward mode 2
             27              0            942           1905
          -9999          -9999       0.213525       0.337423 forward mode 2
             17              0            991           1826
          -9999          -9999       0.212609       0.456384 forward mode 2
             24              0           1005           1892
          -9999          -9999       0.208095       0.297949 forward mode 2
             15              0            967           1910
          -9999          -9999       0.206923       0.503978 forward mode 2
             12              0           1038           1872
          -9999          -9999       0.236889       0.467421 forward mode 2
             14              0            951           1832
          -9999          -9999       0.223019       0.290616 forward mode 2
              9              0           1012           1825
          -9999          -9999       0.324387       0.346263 forward mode 2
             22              0            989           1777
          -9999          -9999       0.203447        0.33116 forward mode 2
             13              0            939           1854
          -9999          -9999        0.22671       0.511601 forward mode 2
             24              0            987           1841
          -9999          -9999       0.211872       0.282599 forward mode 2
             19              0            988           1841
          -9999          -9999       0.171152       0.396591 forward mode 2
             16              0           1048           1805
          -9999          -9999       0.159372        0.44902 forward mode 2
             15              0            972           1852
          -9999          -9999       0.207698       0.375562 forward mode 2
             16              0           1011           1824
          -9999          -9999       0.166017       0.292946 forward mode 2
             19              0           1079           1809
          -9999          -9999       0.212245       0.390799 forward mode 2
             13              0            940           1858
          -9999          -9999       0.186237       0.296974 forward mode 2
             13              0           1005           1903
          -9999          -9999       0.144092       0.241852 forward mode 2
             15              0            991           1857
          -9999          -9999       0.211002        0.25366 forward mode 2
             18              0            997           1901
          -9999          -9999       0.193614       0.491267 forward mode 2
             28              0            973           1838
          -9999          -9999        0.19812        0.37393 forward mode 2
             22              0            979           1861
          -9999          -9999       0.245496       0.504178 forward mode 2
             14              0            957           1847
          -9999          -9999       0.208921       0.347848 forward mode 2
             17              0           1031           1928
          -9999          -9999       0.172897       0.376281 forward mode 2
             20              0            936           1873
          -9999          -9999        0.20363       0.391264 forward mode 2
             19              0           1013           1816
          -9999          -9999       0.229064       0.467184 forward mode 2
             22              0           1011           1869
          -9999          -9999        0.21847        0.28373 forward mode 2
             15              0            976           1910
          -9999          -9999       0.228793        0.30341 forward mode 2
             15              0           1003           1917
          -9999          -9999       0.220317       0.346016 forward mode 2
             21              0            977           1899
          -9999          -9999       0.189093       0.380042 forward mode 2
             17              0           1012           1832
          -9999          -9999       0.254766       0.294349 forward mode 2
             16              0            976           1866
          -9999          -9999       0.246342       0.307812 forward mode 2
             21              0            974           1878
          -9999          -9999       0.212405       0.393218 forward mode 2
             17              0           1005           1837
          -9999          -9999       0.266701       0.391555 forward mode 2
             18              0            975           1885
          -9999          -9999       0.220797       0.429255 forward mode 2
             30              0            998           1897
          -9999          -9999       0.233879       0.447801 forward mode 2
             14              0           1041           1877

 forward mode 2
        0.22918
       0.241852
        0.25366
       0.261712
       0.281958
       0.282211
       0.282432
       0.282599
       0.282964
        0.28373
       0.285936
       0.286198
       0.288905
       0.288921
       0.290616
       0.291018
       0.291782
       0.292946
       0.294349
       0.295918
       0.296974
       0.297949
       0.302905
        0.30341
       0.304196
       0.305596
       0.307293
       0.307812
       0.308371
        0.30852
        0.33116
       0.337423
       0.346016
       0.346263
       0.347749
       0.347848
       0.353604
       0.359554
       0.361609
       0.364112
        0.36671
       0.373762
        0.37393
       0.375562
       0.375626
       0.376281
        0.37901
       0.380042
        0.38227
       0.382775
       0.387641
       0.390799
       0.391264
       0.391555
       0.393218
       0.395454
       0.396591
       0.397761
       0.398136
       0.400975
        0.40486
       0.405756
       0.420274
       0.421152
       0.421999
       0.422634
        0.42765
       0.429255
       0.429732
       0.432413
       0.432629
       0.439311
       0.442725
       0.443877
       0.445436
       0.446713
       0.447801
        0.44902
       0.454871
       0.456384
       0.456445
       0.462973
       0.467184
       0.467421
       0.467694
       0.468749
       0.471354
       0.472108
       0.475433
       0.491051
       0.491267
       0.493709
        0.49475
       0.498738
       0.503978
       0.504178
       0.511601
       0.520039
       0.531481
       0.542516

-- percentiles forward mode 2
        0.22918
       0.281958
        0.28373
       0.304196
       0.382775 50%
       0.445436
       0.491051
       0.503978
       0.531481

-- processed on 20200219165754 with ustar_mp v1.0 compiled using GNU C 9.2.1 20190827 (Red Hat 9.2.1-1) on Mar 15 2020 at 17:39:02
