-- ustar threshold by season (forward mode 2)

          -9999       0.221792        0.24032       0.276586
            296           1727           2084           1824

       0.276586

          -9999        0.172907         0.21687        0.197723 
          -9999         0.16651        0.178126        0.232452 
          -9999        0.266213        0.223109        0.276586 
          -9999        0.492234         0.25753        0.114314 
          -9999        0.273935        0.334433        0.364636 
          -9999        0.221792        0.391365        0.342012 
          -9999        0.212402              10        0.554336 

-- bootstrapping

          -9999       0.178467       0.232523       0.351361 forward mode 2
            308           1754           2028           1818
          -9999       0.175634       0.285617       0.273609 forward mode 2
            329           1725           2142           1887
          -9999       0.164822       0.219531       0.225249 forward mode 2
            270           1772           2096           1792
          -9999       0.178021       0.218644       0.345131 forward mode 2
            312           1665           2111           1781
          -9999       0.135171       0.287493       0.342312 forward mode 2
            281           1721           2115           1820
          -9999       0.238859       0.260237       0.294418 forward mode 2
            276           1751           2026           1815
          -9999       0.175148       0.200882        0.29003 forward mode 2
            260           1748           2076           1895
          -9999       0.135083       0.184876       0.263367 forward mode 2
            304           1760           2106           1803
          -9999       0.185419       0.203562       0.234421 forward mode 2
            305           1737           2094           1835
          -9999        0.17702       0.192869       0.285306 forward mode 2
            304           1719           2094           1825
          -9999       0.187133       0.177924       0.211089 forward mode 2
            305           1702           2185           1820
          -9999       0.186504       0.196016       0.263427 forward mode 2
            280           1700           2183           1788
          -9999       0.169013       0.256186       0.241559 forward mode 2
            306           1706           2093           1864
          -9999       0.209942       0.248757       0.289741 forward mode 2
            316           1679           2101           1824
          -9999       0.204841       0.188083       0.265572 forward mode 2
            289           1662           2121           1834
          -9999       0.172944       0.248562       0.324613 forward mode 2
            299           1688           2076           1846
          -9999       0.130646       0.226824       0.313605 forward mode 2
            309           1748           2101           1833
          -9999       0.154553       0.214753        0.29371 forward mode 2
            259           1690           2069           1839
          -9999       0.176288       0.205537       0.193642 forward mode 2
            275           1731           2036           1869
          -9999        0.20383       0.204437       0.353679 forward mode 2
            289           1714           2197           1842
          -9999       0.174873       0.264453       0.301774 forward mode 2
            329           1826           2082           1808
          -9999       0.163184       0.202097       0.292452 forward mode 2
            272           1739           2129           1789
          -9999       0.170549       0.190696       0.338943 forward mode 2
            297           1734           2079           1796
          -9999       0.186004       0.242183       0.241018 forward mode 2
            267           1713           2118           1851
          -9999       0.164251       0.229067       0.293425 forward mode 2
            315           1664           2079           1851
          -9999       0.170587       0.194181       0.272627 forward mode 2
            338           1751           2049           1825
          -9999       0.196161       0.252405       0.245787 forward mode 2
            282           1726           2054           1789
          -9999       0.174064          0.206       0.344324 forward mode 2
            288           1744           2120           1823
          -9999       0.241569       0.260942       0.292669 forward mode 2
            283           1747           2094           1844
          -9999       0.178094       0.223343       0.488547 forward mode 2
            279           1727           2083           1837
          -9999       0.210252       0.198022       0.206489 forward mode 2
            313           1656           2046           1816
          -9999       0.212424       0.254615       0.308545 forward mode 2
            291           1666           2115           1799
          -9999       0.222026       0.301315       0.288609 forward mode 2
            326           1708           2187           1766
          -9999       0.160987       0.293805       0.255681 forward mode 2
            284           1735           2109           1790
          -9999       0.220237       0.200605       0.305396 forward mode 2
            306           1744           2062           1774
          -9999       0.237423       0.212294        0.29805 forward mode 2
            308           1795           2075           1826
          -9999       0.168421       0.228189       0.285815 forward mode 2
            263           1761           2013           1802
          -9999       0.160902       0.315907       0.253872 forward mode 2
            282           1700           2055           1842
          -9999       0.202539        0.21419       0.248785 forward mode 2
            314           1652           2088           1808
          -9999       0.215364       0.303758       0.248686 forward mode 2
            317           1786           2111           1762
          -9999        0.23409       0.202572       0.403571 forward mode 2
            293           1669           2071           1870
          -9999       0.214269       0.200306       0.307899 forward mode 2
            286           1730           2102           1763
          -9999       0.206914       0.218171       0.296557 forward mode 2
            326           1728           2073           1939
          -9999       0.230438       0.232044       0.366194 forward mode 2
            299           1699           2135           1842
          -9999       0.177008       0.257572       0.287945 forward mode 2
            302           1691           2017           1819
          -9999       0.216287       0.161494        0.24987 forward mode 2
            288           1715           2111           1756
          -9999       0.173578       0.209173       0.262502 forward mode 2
            284           1774           2053           1797
          -9999       0.190529       0.265435       0.246314 forward mode 2
            293           1722           2153           1817
          -9999        0.17318       0.220534       0.318049 forward mode 2
            307           1729           2019           1884
          -9999       0.153885       0.252621       0.276599 forward mode 2
            287           1795           2089           1844
          -9999       0.298714       0.298359       0.211904 forward mode 2
            281           1676           2070           1797
          -9999       0.226199       0.224465       0.310417 forward mode 2
            290           1704           2107           1864
          -9999       0.174774       0.238925       0.295895 forward mode 2
            304           1754           1973           1909
          -9999       0.238116       0.222037       0.280938 forward mode 2
            295           1721           2132           1811
          -9999       0.207639       0.212385       0.371348 forward mode 2
            303           1759           2065           1788
          -9999       0.204199       0.235785       0.295659 forward mode 2
            307           1640           2111           1835
          -9999       0.178803       0.203024        0.29367 forward mode 2
            306           1846           2045           1843
          -9999       0.160829       0.214504       0.300198 forward mode 2
            332           1689           2079           1822
          -9999        0.21796        0.28707       0.335087 forward mode 2
            290           1818           2087           1792
          -9999       0.165331       0.256338       0.305366 forward mode 2
            287           1692           2057           1749
          -9999       0.173195       0.200841       0.259297 forward mode 2
            303           1713           2028           1827
          -9999        0.21673       0.205575       0.287623 forward mode 2
            303           1707           2036           1833
          -9999       0.156985       0.162225       0.246979 forward mode 2
            308           1842           2054           1835
          -9999        0.24003       0.186933       0.274407 forward mode 2
            316           1736           2061           1848
          -9999       0.175126       0.228287       0.272669 forward mode 2
            294           1723           2079           1868
          -9999       0.160715       0.255947       0.290512 forward mode 2
            259           1670           2119           1808
          -9999       0.222124       0.239594       0.256691 forward mode 2
            293           1762           2038           1882
          -9999       0.135196       0.210884       0.352284 forward mode 2
            258           1786           2093           1765
          -9999       0.169026       0.205965       0.281149 forward mode 2
            302           1709           2069           1753
          -9999       0.177353       0.256349        0.38025 forward mode 2
            268           1705           2067           1906
          -9999       0.219672       0.274046       0.353685 forward mode 2
            283           1690           2016           1888
          -9999        0.17856        0.19912       0.271443 forward mode 2
            318           1705           2088           1786
          -9999       0.186299       0.222306       0.249139 forward mode 2
            274           1709           1988           1817
          -9999       0.258881       0.236663       0.286311 forward mode 2
            308           1671           2089           1874
          -9999       0.195067       0.264703       0.276446 forward mode 2
            322           1703           2056           1872
          -9999       0.209434       0.234473        0.25662 forward mode 2
            258           1736           2031           1846
          -9999       0.170342       0.199924       0.241636 forward mode 2
            272           1745           2059           1877
          -9999       0.211314       0.226402       0.260368 forward mode 2
            316           1609           2105           1815
          -9999       0.202561       0.188946       0.314832 forward mode 2
            276           1787           2061           1845
          -9999       0.168325       0.218669       0.309443 forward mode 2
            297           1802           2043           1825
          -9999       0.186927       0.274388       0.286344 forward mode 2
            282           1631           2084           1879
          -9999       0.189728       0.248281       0.361578 forward mode 2
            285           1746           2139           1761
          -9999       0.212939       0.204561       0.246714 forward mode 2
            322           1712           2083           1833
          -9999       0.179914       0.193122       0.351993 forward mode 2
            307           1700           2141           1798
          -9999       0.163763       0.200013       0.379376 forward mode 2
            291           1723           2046           1820
          -9999       0.156493       0.225117       0.312841 forward mode 2
            284           1679           2097           1835
          -9999       0.179011       0.214142       0.293718 forward mode 2
            269           1720           2097           1762
          -9999       0.216683       0.273023       0.264749 forward mode 2
            298           1771           2034           1802
          -9999       0.156228       0.247982       0.268689 forward mode 2
            310           1718           2125           1818
          -9999       0.162437       0.197022       0.257107 forward mode 2
            298           1714           2099           1815
          -9999       0.180598       0.221624       0.354096 forward mode 2
            284           1723           2085           1809
          -9999        0.18307       0.193072       0.351352 forward mode 2
            313           1731           2081           1861
          -9999       0.159726         0.2118       0.522832 forward mode 2
            273           1758           2075           1860
          -9999       0.161858       0.221501       0.307091 forward mode 2
            319           1702           2066           1789
          -9999       0.213459        0.18468       0.255397 forward mode 2
            294           1707           2111           1784
          -9999       0.165744       0.268338       0.352257 forward mode 2
            299           1714           2102           1824
          -9999       0.146761        0.28308       0.290059 forward mode 2
            294           1709           2082           1791
          -9999       0.174542       0.215925       0.349162 forward mode 2
            287           1725           2171           1812
          -9999       0.214131       0.186865       0.265594 forward mode 2
            294           1674           2058           1874
          -9999       0.169842       0.224827       0.290972 forward mode 2
            308           1822           2090           1823

 forward mode 2
       0.205537
       0.210252
       0.211089
       0.225249
       0.234421
       0.241636
       0.242183
       0.246714
       0.246979
       0.248785
       0.249139
        0.24987
       0.252405
       0.255397
       0.256186
        0.25662
       0.256691
       0.257107
       0.259297
       0.260368
       0.262502
       0.263367
       0.263427
       0.265435
       0.265572
       0.265594
       0.268689
       0.271443
       0.272627
       0.272669
       0.273023
       0.274407
       0.276446
       0.276599
       0.280938
       0.281149
       0.285306
       0.285617
       0.285815
       0.286311
       0.286344
       0.287623
       0.287945
       0.289741
        0.29003
       0.290059
       0.290512
       0.290972
       0.292452
       0.292669
       0.293425
        0.29367
        0.29371
       0.293718
       0.293805
       0.294418
       0.295659
       0.295895
       0.296557
        0.29805
       0.298714
       0.300198
       0.301315
       0.301774
       0.303758
       0.305366
       0.305396
       0.307091
       0.307899
       0.308545
       0.309443
       0.310417
       0.312841
       0.313605
       0.314832
       0.315907
       0.318049
       0.324613
       0.335087
       0.338943
       0.342312
       0.344324
       0.345131
       0.349162
       0.351352
       0.351361
       0.351993
       0.352257
       0.352284
       0.353679
       0.353685
       0.354096
       0.361578
       0.366194
       0.371348
       0.379376
        0.38025
       0.403571
       0.488547
       0.522832

-- percentiles forward mode 2
       0.205537
       0.234421
       0.248785
       0.265572
       0.292669 50%
       0.314832
       0.353679
       0.371348
       0.488547

-- processed on 20200219151312 with ustar_mp v1.0 compiled using GNU C 9.2.1 20190827 (Red Hat 9.2.1-1) on Mar 15 2020 at 17:39:02
